# time matrix
t=[0 43	37 36 40 31 34 35 16 9 25;
   53 0	17 17 15 22 21 20 38 57 40;
   47 16 0 12 15 16 17 17 33 52	35;
   46 17 12 0 15 15 15 15 31 50	35;
   50 15 15 15 0 20 17 16 35 54	40;
   41 22 16 15 20 0 16 18 26 45	31;
   44 21 17 15 17 16 0 12 28 47	37;
   45 20 17 15 16 18 12	0 30 48	39;
   26 38 33 31 35 26 28	30 0 29	32;
   19 57 52 50 54 45 47 48 29 0	44;
   35 40 35 35 40 31 37	39 32 44 0
]

# time windows for customers 1-10
e=[43 308 46 339 377 33 247 214 187 191]
l=[186 368 201 438 494 166 307 421 247 410]